Push 0
Push 1
Push 2
Push 3
Push 4
Push 5
Push 6
Push 7
Push 8
Push 9
Push 10
Push 11
Push 12
Push 13
Push 14
Push 17
Push 20
Push 22
Push 24
Push 25
Push 30
Push 32
Push 33
Push 36
Push 37
Push 38
Push 40
Push 41
Push 42
Push 44
Push 46
Push 50
Push 52
Push 54
Push 55
Push 58
Push 60
Push 61
Push 70
Push 71
Push 72
Push 74
Push 77
Push 80
Push 90
Push 91
Push 93
Push 96
Push 97
Push 98
Push 99
0
1
2
3
4
5
6
7
8
9
10
11
12
13
14
17
20
22
24
25
30
32
33
36
37
38
40
41
42
44
46
50
52
54
55
58
60
61
70
71
72
74
77
80
90
91
93
96
97
98
99
0 0
1 0
2 0
3 0
4 0
5 0
6 0
7 0
8 0
9 0
10 0
11 0
12 0
13 0
14 0
15 -1
16 -1
17 0
18 -1
19 -1
20 0
21 -1
22 0
23 -1
24 0
25 0
26 -1
27 -1
28 -1
29 -1
30 0
31 -1
32 0
33 0
34 -1
35 -1
36 0
37 0
38 0
39 -1
40 0
41 0
42 0
43 -1
44 0
45 -1
46 0
47 -1
48 -1
49 -1
50 0
51 -1
52 0
53 -1
54 0
55 0
56 -1
57 -1
58 0
59 -1
60 0
61 0
62 -1
63 -1
64 -1
65 -1
66 -1
67 -1
68 -1
69 -1
70 0
71 0
72 0
73 -1
74 0
75 -1
76 -1
77 0
78 -1
79 -1
80 0
81 -1
82 -1
83 -1
84 -1
85 -1
86 -1
87 -1
88 -1
89 -1
90 0
91 0
92 -1
93 0
94 -1
95 -1
96 0
97 0
98 0
99 0
